analysis/predictions/data/LFUV.ecsv
# %ECSV 1.0
# ---
# datatype:
# - {name: z, datatype: float64}
# - {name: log10Mstar, unit: dex(solMass), datatype: float64, description: log10(stellar mass)}
# - {name: N, datatype: int64}
# - {name: log10BB_P2.2, unit: dex(dimensionless), datatype: float64, description: false}
# - {name: log10BB_P15.8, unit: dex(dimensionless), datatype: float64, description: false}
# - {name: log10BB_P50.0, unit: dex(dimensionless), datatype: float64, description: false}
# - {name: log10BB_P84.2, unit: dex(dimensionless), datatype: float64, description: false}
# - {name: log10BB_P97.8, unit: dex(dimensionless), datatype: float64, description: false}
# meta: !!omap
# - {name: FLARES}
# - references: []
# - percentiles: [2.2, 15.8, 50.0, 84.2, 97.8]
# schema: astropy-2.0
z log10Mstar N log10BB_P2.2 log10BB_P15.8 log10BB_P50.0 log10BB_P84.2 log10BB_P97.8
10.0 28.1 1171 -0.18 -0.1 -0.02 0.08 0.16
10.0 28.3 409 -0.14 -0.09 -0.01 0.06 0.18
10.0 28.5 184 -0.09 -0.02 0.04 0.11 0.22
10.0 28.7 100 -0.01 0.02 0.09 0.15 0.21
10.0 28.9 62 -0.02 0.02 0.05 0.16 0.24
10.0 29.1 32 -0.02 -0.01 0.08 0.13 0.15
10.0 29.3 11 0.01 0.03 0.1 0.13 0.2
10.0 29.5 1 0.12 0.12 0.12 0.12 0.12
9.0 28.1 1802 -0.17 -0.11 -0.02 0.08 0.19
9.0 28.3 661 -0.14 -0.07 0.05 0.11 0.17
9.0 28.5 305 -0.05 -0.02 0.05 0.11 0.15
9.0 28.7 193 0.02 0.04 0.08 0.16 0.24
9.0 28.9 136 -0.02 0.06 0.08 0.17 0.18
9.0 29.1 74 0.02 0.07 0.13 0.22 0.23
9.0 29.3 21 -0.01 0.01 0.17 0.19 0.2
9.0 29.5 6 0.06 0.06 0.1 0.17 0.23
8.0 28.1 2487 -0.18 -0.1 0.01 0.14 0.22
8.0 28.3 1133 -0.08 -0.01 0.09 0.14 0.2
8.0 28.5 532 -0.0 0.02 0.09 0.15 0.25
8.0 28.7 380 0.01 0.02 0.1 0.16 0.23
8.0 28.9 261 -0.01 0.01 0.13 0.21 0.29
8.0 29.1 123 0.05 0.05 0.09 0.16 0.2
8.0 29.3 63 0.05 0.09 0.09 0.15 0.24
8.0 29.5 29 0.05 0.09 0.13 0.18 0.28
7.0 28.1 3443 -0.17 -0.06 0.06 0.16 0.25
7.0 28.3 1771 -0.12 0.0 0.09 0.17 0.23
7.0 28.5 1063 -0.01 0.06 0.11 0.17 0.28
7.0 28.7 668 -0.01 0.06 0.11 0.14 0.22
7.0 28.9 524 0.02 0.07 0.14 0.21 0.27
7.0 29.1 276 0.07 0.13 0.16 0.2 0.25
7.0 29.3 134 0.08 0.13 0.17 0.2 0.24
7.0 29.5 42 0.09 0.16 0.18 0.24 0.24
7.0 29.7 22 0.13 0.17 0.17 0.21 0.35
7.0 29.9 3 0.18 0.18 0.18 0.25 0.27
6.0 28.1 4727 -0.14 -0.04 0.09 0.19 0.28
6.0 28.3 2768 -0.05 0.04 0.12 0.19 0.27
6.0 28.5 1798 0.01 0.08 0.13 0.2 0.29
6.0 28.7 1228 0.04 0.08 0.15 0.21 0.29
6.0 28.9 889 0.06 0.11 0.16 0.23 0.28
6.0 29.1 537 0.05 0.11 0.16 0.2 0.26
6.0 29.3 267 0.06 0.14 0.18 0.23 0.26
6.0 29.5 116 0.09 0.16 0.21 0.26 0.31
6.0 29.7 34 0.12 0.17 0.22 0.26 0.3
6.0 29.9 14 0.18 0.23 0.23 0.25 0.27
5.0 28.1 6186 -0.11 0.02 0.14 0.22 0.29
5.0 28.3 4100 -0.04 0.07 0.15 0.22 0.27
5.0 28.5 2864 0.02 0.08 0.15 0.22 0.3
5.0 28.7 2171 0.04 0.11 0.17 0.24 0.34
5.0 28.9 1611 0.06 0.11 0.19 0.26 0.35
5.0 29.1 862 0.09 0.12 0.19 0.24 0.31
5.0 29.3 466 0.11 0.16 0.2 0.26 0.33
5.0 29.5 192 0.16 0.18 0.22 0.3 0.42
5.0 29.7 81 0.16 0.18 0.22 0.27 0.31
5.0 29.9 25 0.15 0.15 0.15 0.26 0.32
5.0 30.1 10 0.14 0.15 0.23 0.29 0.35
