analysis/predictions/data/Mstar.ecsv
# %ECSV 1.0
# ---
# datatype:
# - {name: z, datatype: float64}
# - {name: log10Mstar, unit: dex(solMass), datatype: float64, description: log10(stellar mass)}
# - {name: N, datatype: int64}
# - {name: log10BB_P2.2, unit: dex(dimensionless), datatype: float64, description: false}
# - {name: log10BB_P15.8, unit: dex(dimensionless), datatype: float64, description: false}
# - {name: log10BB_P50.0, unit: dex(dimensionless), datatype: float64, description: false}
# - {name: log10BB_P84.2, unit: dex(dimensionless), datatype: float64, description: false}
# - {name: log10BB_P97.8, unit: dex(dimensionless), datatype: float64, description: false}
# meta: !!omap
# - {name: FLARES}
# - references: []
# - percentiles: [2.2, 15.8, 50.0, 84.2, 97.8]
# schema: astropy-2.0
z log10Mstar N log10BB_P2.2 log10BB_P15.8 log10BB_P50.0 log10BB_P84.2 log10BB_P97.8
10.0 8.1 443 -0.04 0.02 0.09 0.16 0.29
10.0 8.3 174 -0.01 0.02 0.16 0.28 0.32
10.0 8.5 96 -0.02 0.03 0.07 0.1 0.24
10.0 8.7 49 -0.01 -0.01 0.08 0.12 0.21
10.0 8.9 56 0.03 0.05 0.19 0.22 0.23
10.0 9.1 30 0.05 0.14 0.15 0.16 0.23
10.0 9.3 21 0.09 0.09 0.1 0.2 0.21
10.0 9.5 14 0.09 0.11 0.15 0.15 0.22
10.0 9.7 5 0.12 0.12 0.13 0.15 0.17
10.0 9.9 0 nan nan nan nan nan
10.0 10.1 2 0.2 0.21 0.25 0.25 0.25
9.0 8.1 940 -0.03 0.03 0.11 0.21 0.32
9.0 8.3 457 0.01 0.05 0.11 0.2 0.32
9.0 8.5 237 -0.01 0.05 0.08 0.17 0.21
9.0 8.7 121 0.02 0.06 0.09 0.11 0.13
9.0 8.9 73 0.02 0.07 0.12 0.15 0.24
9.0 9.1 78 -0.01 0.08 0.17 0.23 0.24
9.0 9.3 55 0.06 0.11 0.16 0.18 0.26
9.0 9.5 36 0.08 0.13 0.17 0.23 0.26
9.0 9.7 14 0.16 0.22 0.22 0.24 0.24
9.0 9.9 9 0.1 0.12 0.17 0.18 0.2
9.0 10.1 6 0.12 0.17 0.25 0.28 0.28
9.0 10.3 1 0.27 0.27 0.27 0.27 0.27
8.0 8.1 1880 -0.01 0.05 0.15 0.26 0.32
8.0 8.3 1091 0.01 0.07 0.14 0.23 0.32
8.0 8.5 586 0.0 0.06 0.12 0.18 0.28
8.0 8.7 267 0.01 0.06 0.12 0.17 0.2
8.0 8.9 186 0.05 0.07 0.1 0.15 0.2
8.0 9.1 118 0.05 0.1 0.15 0.25 0.35
8.0 9.3 116 0.07 0.09 0.15 0.18 0.29
8.0 9.5 83 0.08 0.14 0.21 0.22 0.25
8.0 9.7 62 0.12 0.14 0.22 0.24 0.29
8.0 9.9 35 0.1 0.21 0.28 0.29 0.29
8.0 10.1 12 0.13 0.17 0.2 0.34 0.34
8.0 10.3 9 0.17 0.18 0.22 0.25 0.35
8.0 10.5 3 0.22 0.22 0.22 0.22 0.22
7.0 8.1 3686 0.0 0.06 0.16 0.28 0.35
7.0 8.3 2154 0.01 0.08 0.16 0.24 0.31
7.0 8.5 1350 0.05 0.08 0.13 0.23 0.31
7.0 8.7 748 0.04 0.08 0.13 0.18 0.25
7.0 8.9 397 0.06 0.09 0.11 0.17 0.2
7.0 9.1 256 0.07 0.11 0.14 0.2 0.37
7.0 9.3 212 0.1 0.13 0.19 0.24 0.3
7.0 9.5 191 0.12 0.14 0.18 0.22 0.29
7.0 9.7 150 0.12 0.16 0.2 0.27 0.29
7.0 9.9 89 0.14 0.18 0.22 0.34 0.35
7.0 10.1 58 0.16 0.17 0.23 0.27 0.33
7.0 10.3 32 0.16 0.17 0.22 0.27 0.32
7.0 10.5 16 0.18 0.2 0.24 0.25 0.32
7.0 10.7 4 0.2 0.2 0.21 0.26 0.28
6.0 8.1 6719 0.01 0.09 0.18 0.31 0.37
6.0 8.3 4107 0.02 0.09 0.17 0.28 0.35
6.0 8.5 2721 0.04 0.1 0.16 0.24 0.33
6.0 8.7 1706 0.06 0.11 0.16 0.23 0.3
6.0 8.9 1012 0.07 0.11 0.16 0.22 0.31
6.0 9.1 563 0.06 0.11 0.15 0.21 0.25
6.0 9.3 376 0.09 0.12 0.16 0.21 0.37
6.0 9.5 381 0.13 0.16 0.19 0.26 0.34
6.0 9.7 310 0.14 0.18 0.22 0.28 0.32
6.0 9.9 242 0.18 0.2 0.26 0.3 0.32
6.0 10.1 179 0.18 0.2 0.25 0.29 0.4
6.0 10.3 88 0.16 0.19 0.25 0.34 0.39
6.0 10.5 53 0.17 0.23 0.26 0.31 0.42
6.0 10.7 27 0.22 0.23 0.23 0.26 0.32
6.0 10.9 7 0.19 0.21 0.25 0.3 0.33
5.0 8.1 10814 0.02 0.1 0.21 0.34 0.39
5.0 8.3 7187 0.04 0.11 0.2 0.31 0.37
5.0 8.5 4782 0.06 0.12 0.19 0.27 0.34
5.0 8.7 3342 0.06 0.12 0.18 0.24 0.33
5.0 8.9 2247 0.06 0.13 0.17 0.23 0.29
5.0 9.1 1400 0.09 0.12 0.18 0.23 0.28
5.0 9.3 801 0.11 0.14 0.2 0.25 0.31
5.0 9.5 594 0.14 0.17 0.21 0.25 0.34
5.0 9.7 635 0.16 0.2 0.24 0.28 0.37
5.0 9.9 500 0.17 0.22 0.27 0.34 0.44
5.0 10.1 463 0.18 0.21 0.27 0.4 0.47
5.0 10.3 287 0.2 0.22 0.28 0.33 0.42
5.0 10.5 148 0.2 0.22 0.26 0.31 0.43
5.0 10.7 84 0.15 0.22 0.27 0.34 0.43
5.0 10.9 33 0.19 0.26 0.31 0.31 0.45
5.0 11.1 10 0.26 0.39 0.4 0.4 0.4
